-10	-66	19	-30	26	-46	-42	-1	70	59	31	-46	49	-69	82	-52	-83	44	-63	9	25	-20	69	54	-86	-5	-96	45	90	-9	74	-41	69	37	40	-34	-76	65	-51	-81	19	38	-27	-47	24	89	0	-33	50	91	0	11	-56
-1	-17	-62	58	-4	-19	73	93	51	-1	28	-3	-25	35	-50	-22	3	15	-20	94	91	-41	-72	10	71	97	78	4	-73	-74	87	37	14	87	-19	77	37	-88	28	37	66	69	63	-8	-80	-30	79	-24	-82	-39	-75	42	65
15	-17	-29	95	80	-85	-80	-92	-69	-72	-30	-20	-6	31	-63	-2	72	-20	0	-98	-50	-55	34	-6	83	-35	97	91	-94	-70	57	72	55	51	-7	15	91	65	-27	34	-32	-23	-23	76	87	-18	-29	15	53	-94	-76	-60	-53
-15	-48	-16	81	12	8	27	-52	14	35	-16	59	45	-44	-13	-36	-38	92	75	-53	43	-40	87	40	-50	-23	-11	13	-74	59	-43	80	39	96	70	24	16	59	-48	94	-31	67	-81	66	-6	-24	-60	-38	-39	97	72	-17	68
15	-89	89	-36	-98	-35	-55	-74	7	-40	-95	91	37	42	27	-78	-88	40	-52	-46	-10	-83	-50	14	1	47	-19	19	37	39	-74	-4	-89	-4	-56	-24	-65	44	0	-33	-5	-40	-7	-83	56	-65	-4	-58	-26	0	2	85	-70
-17	96	-13	-27	11	-60	-31	-32	-31	29	60	-99	61	50	13	-25	1	66	-40	58	-99	-96	-32	-98	77	-20	44	18	72	-83	21	-43	-95	-44	87	64	-9	-72	37	-56	85	58	-50	-12	-55	-63	79	21	-36	-6	22	85	54
-18	-68	-78	70	-14	92	-52	-69	-5	-5	33	15	39	-52	-53	-8	-67	-23	-37	69	-46	-19	21	3	37	30	33	18	-80	-52	-8	-47	41	88	-37	-31	-62	-60	-96	-83	80	32	82	40	79	57	46	88	47	45	67	95	9
20	43	18	54	-82	16	99	-1	-43	-26	62	40	-78	28	89	88	-75	-43	72	-73	-41	4	-8	-92	14	-98	-85	-38	-50	55	-66	-31	99	55	98	76	92	50	82	-72	-4	-83	-23	95	3	8	-70	-66	-75	96	-92	98	59
20	83	66	92	-8	34	28	-89	15	-41	26	-47	-84	-64	49	-77	80	32	65	-67	99	40	46	-25	-34	-23	-83	4	50	-73	1	-33	7	39	99	96	39	-3	7	80	-87	-40	57	-15	-67	91	17	-63	26	22	-30	74	-48
-23	-66	-20	63	-22	-21	51	-49	-54	97	-39	9	-7	-70	56	89	83	-97	5	42	25	-9	57	7	53	43	34	11	-49	56	84	82	-71	72	-37	45	93	-32	-92	-97	5	73	1	-96	89	77	98	50	-97	-17	-28	0	-77
-24	42	52	27	-93	96	-87	-49	24	-14	52	-99	-23	0	92	-86	31	0	-37	27	-35	-41	36	54	-68	32	32	43	-14	15	98	-58	91	11	58	48	-80	68	-42	19	30	17	81	69	-29	24	-53	-41	-59	55	-88	-31	-34
2	-55	46	31	32	15	36	-4	21	58	2	75	-4	-42	78	-14	91	-42	-23	61	-36	-4	37	-57	-43	61	-19	-19	-26	29	-33	-83	-82	-19	-40	69	-36	26	49	-61	-6	-74	62	81	10	19	44	28	55	30	20	-82	61
26	-2	56	-88	97	-7	-18	-5	79	29	26	37	23	78	-83	-50	-98	-47	45	49	26	-7	-82	-27	94	-64	-37	67	84	25	-99	51	43	-47	35	30	57	81	-3	2	9	37	99	-36	63	-89	-61	-27	-88	-22	48	0	-22
-27	47	-81	32	37	27	42	61	0	92	-45	-95	88	91	-52	27	-6	-66	-5	68	7	38	38	1	89	-62	-23	-96	63	-34	70	-21	92	-27	-31	67	-4	86	-55	-8	57	99	62	-11	4	9	-87	-93	-53	93	-66	-68	85
-28	45	-76	-37	-49	95	-15	78	32	-83	24	58	-73	51	80	77	-31	80	-42	55	80	-2	-40	-10	26	53	58	-35	74	46	-4	84	-78	45	-24	-43	3	-67	-70	-77	-87	-24	-91	21	66	81	-1	-33	16	-30	48	84	50
-29	26	-3	-30	39	-31	6	-73	-55	72	68	88	71	-99	6	42	-56	-5	-67	11	24	-80	28	-31	-32	33	54	67	52	97	5	2	39	-2	85	-90	96	-8	59	44	-61	57	-54	82	-47	-95	-26	-32	9	-2	42	-78	93
-30	31	12	-41	92	-82	7	-55	-37	74	36	52	-43	35	86	88	-87	-1	-75	-51	-1	10	-52	-51	38	0	64	3	-8	-11	-89	99	67	-7	-96	-89	79	-77	-94	-84	-34	-28	88	-3	69	22	-90	-83	-90	-1	-12	66	57
-32	-76	53	94	-85	81	52	-28	8	-15	-45	-91	-6	74	5	58	-51	47	14	57	-62	90	8	-57	72	42	41	-5	94	-13	83	13	32	-75	-53	4	-78	-61	15	50	47	29	0	-35	-28	-40	93	69	-13	54	42	87	-94
-3	48	92	-85	43	67	-82	74	70	23	-73	-45	33	-14	97	-3	-65	81	37	73	-85	91	-22	-17	37	-30	55	8	-88	-90	-72	-75	18	52	71	77	-70	-97	43	33	-18	-2	67	16	-10	63	0	-92	95	9	98	53	32
36	24	-62	65	82	8	62	-61	39	-55	76	-9	-91	41	2	-43	59	17	-73	-93	-62	94	8	-38	-31	0	-9	-77	50	67	57	-14	-21	99	-49	25	-9	-68	92	-97	73	14	85	-33	13	13	-48	79	-45	-51	53	-1	-68
36	88	81	-46	-1	68	-72	-25	-7	-98	56	-53	-11	-20	65	11	-94	83	-63	-68	-58	75	91	-68	-98	-58	-38	75	71	12	-15	47	-99	51	-48	6	-77	42	-16	26	81	-45	-16	40	31	14	-46	-15	97	64	17	-40	30
-36	90	-33	-8	-11	-23	56	-50	-41	50	-20	7	-47	-70	6	27	28	-96	76	29	75	-60	0	-95	-68	-86	-28	63	-90	29	-56	-38	-14	-46	-19	-76	-50	-94	36	14	95	44	62	-37	-17	40	77	69	28	-87	-29	87	9
37	45	83	62	80	-88	-77	51	5	99	-93	16	-3	-37	57	23	-5	-20	35	-18	58	-63	36	-15	-5	-71	-72	-70	-81	31	-1	17	-31	59	87	74	45	-66	57	-94	90	-6	-43	39	56	59	-59	-27	-60	-85	73	-95	88
-38	-25	-36	-75	-75	-29	-94	-41	91	86	27	-84	71	38	93	95	58	79	99	86	11	2	-70	54	-94	-61	94	-61	19	64	2	-77	-2	0	29	-34	-78	19	88	-92	20	-61	22	17	-70	87	61	-13	-27	-20	-23	72	-88
-40	-94	43	-1	-15	-35	-27	79	-52	55	-48	-16	-3	85	73	-62	15	51	14	24	-21	33	-76	-97	41	41	72	43	-62	-11	-18	71	79	-17	-58	-85	91	-62	34	4	-61	45	-54	-93	-47	55	-53	91	63	-17	-10	-85	52
-42	49	6	73	-94	-11	-82	-40	-7	26	-16	66	-31	-62	-83	-84	43	-1	79	44	-36	-94	-71	-24	92	92	67	55	-21	-94	-35	18	-20	61	33	8	-38	92	8	-34	84	-76	12	29	92	88	49	36	27	-31	-92	-74	23
42	-5	80	48	-69	42	-79	-2	-51	9	36	49	92	18	-78	83	-33	-43	-77	26	76	52	-25	-65	-40	-58	-44	-58	16	-19	94	54	-37	29	68	-54	70	-24	-29	-43	-3	2	-86	84	34	-26	49	28	-19	-66	-90	79	-19
-4	29	-94	66	1	-80	59	63	93	32	-31	-93	-76	50	-39	-87	-48	-53	52	-31	-18	-12	37	-30	-19	-94	90	87	-63	27	15	60	28	34	0	73	-35	-50	-52	-29	73	80	8	69	-56	-31	60	58	51	27	32	-36	-13
4	-39	27	2	68	-7	85	59	-44	-16	26	64	31	-4	-68	-96	-62	75	-88	64	-8	-8	27	-4	-8	34	35	53	41	43	60	81	-81	0	-51	-58	-9	-93	-38	-51	-83	-55	-69	41	-51	9	76	50	3	87	47	25	46
4	48	-80	40	-10	31	10	84	-21	-48	97	47	32	53	94	96	-62	31	-63	-52	22	79	-8	44	97	44	-21	81	50	-5	72	43	84	11	-93	26	-43	-75	95	-57	38	-29	24	90	-2	60	-14	45	-66	-1	27	36	-66
45	10	2	75	12	35	28	13	89	-61	34	38	58	42	87	-92	-41	56	61	-87	-77	76	9	-85	-55	-64	-15	-68	-94	5	-47	80	-16	-95	64	25	-40	-27	-33	-46	-53	35	-41	-84	-75	-85	-63	-9	-99	-24	-73	99	-94
45	29	-19	62	-29	56	-15	-30	-77	7	68	18	18	-74	13	95	42	89	66	67	-72	-85	13	11	-16	3	83	5	89	15	19	47	4	80	-28	13	-62	-60	7	65	-21	98	-67	11	29	-28	39	89	-59	-32	-23	-79	-87
-45	47	-93	80	-66	-49	44	-33	-92	-7	4	12	82	89	-72	19	18	-62	-82	80	-49	40	-39	-42	96	-42	-66	84	-9	69	29	99	88	-74	57	-18	31	-27	-22	85	2	96	19	64	52	-66	-47	-53	-72	4	44	-26	8
47	0	-12	-57	-6	-59	16	-31	-20	-84	-99	-59	-44	70	32	31	-58	17	23	-5	-28	33	0	-30	66	44	-12	40	-43	14	-51	-93	85	-42	-74	-21	9	70	-97	-60	-80	77	74	67	85	-26	75	96	-59	-13	-50	-86	-7
50	65	-84	-35	2	74	38	-29	-46	-49	92	14	-74	-72	-77	-50	92	92	-88	0	-37	47	70	-65	-18	5	-40	42	-16	83	47	-42	71	68	53	-4	1	-40	-40	47	16	29	18	-87	76	66	-15	24	-48	38	30	-66	-17
50	-76	-53	-49	-56	97	39	-57	12	-37	-17	-76	97	10	-96	48	7	-58	34	-63	-10	29	84	50	66	46	-39	18	-37	23	-66	18	3	23	-36	33	84	66	-96	65	77	24	50	8	37	94	-43	-79	50	41	94	-75	-45
-51	-34	-47	83	-35	91	-85	-55	-62	-54	-75	3	18	-16	80	-30	-1	30	-94	-24	-53	-56	15	-17	-72	1	71	-17	-41	72	98	72	83	72	72	-60	75	49	71	40	99	63	-73	99	-23	14	-87	-66	51	19	7	76	-62
-53	61	-60	52	22	-74	16	-54	49	-57	-95	2	-35	-22	15	17	38	3	-79	3	11	52	-61	-36	67	-28	18	10	-66	-58	-79	41	-24	65	-31	83	0	44	-4	81	62	8	-29	-98	-5	-92	5	-92	21	84	87	-93	-61
-53	-72	-90	-99	-41	-75	-17	-26	-61	16	27	91	21	-11	-64	45	-13	52	13	-71	99	-75	-68	91	-19	32	-74	56	77	-74	46	-84	-72	-11	7	-49	-52	15	84	90	-73	57	-61	-6	-6	-66	-50	46	-22	-87	2	53	-95
-54	22	12	-69	33	-92	94	51	56	-1	41	50	7	5	87	16	-22	-95	19	74	-4	95	-75	-46	37	-42	28	-16	12	16	-72	60	-3	1	63	79	22	-8	-63	95	-37	-32	42	91	76	-18	42	-42	-34	0	2	-29	-77
55	72	-63	-21	28	9	-49	-19	-19	5	-61	75	5	43	-87	-19	84	-31	89	48	95	-78	-91	7	63	11	-16	76	-30	-23	-31	-41	-95	-59	15	-94	62	-90	50	8	-85	34	-2	-93	65	-4	46	74	99	-34	-60	-36	6
-5	73	4	-97	-42	52	80	98	9	-40	64	98	-61	-69	-39	63	72	-58	21	43	-28	-64	-12	32	-14	-79	-28	98	-11	-56	-43	6	-27	-69	17	22	13	67	88	35	-95	-16	93	-70	27	75	44	63	-30	-48	-63	-1	59
59	32	-35	-40	-56	30	82	-17	14	48	-18	33	-23	0	98	-19	62	-73	-72	-83	66	15	41	-90	-43	58	-98	-64	-62	-88	-11	-2	2	-63	-40	88	-76	74	10	-44	-54	-38	-32	-43	-34	64	-39	-25	-71	-12	76	-44	76
-60	-33	-92	-63	-72	50	-74	31	46	-21	24	-39	54	67	93	-1	-5	63	-73	-52	-36	-79	-83	-64	43	-43	-30	-93	-44	-43	-19	4	-13	-14	-71	6	-63	5	-19	61	34	-80	-40	67	-77	21	-75	-77	12	-36	-85	-76	49
-63	33	74	-17	-18	-27	-4	-46	78	43	-78	-46	-74	-4	37	-83	-21	77	-37	-24	-12	56	-27	84	32	-52	-66	54	-1	69	-73	0	-30	-1	-91	88	82	82	79	-22	78	2	14	11	-8	-75	-80	28	30	-86	-39	42	-69
64	-19	82	-87	-39	-32	12	-38	-85	24	-75	-24	52	-7	87	-23	11	-23	-36	-49	54	-12	-52	12	-24	8	-22	-2	-34	-49	16	42	-92	-25	10	26	94	5	52	-57	-16	-14	-65	-27	75	-55	-8	-84	-35	12	68	63	-60
-66	41	14	34	40	-6	56	38	60	-90	-39	-81	40	32	-17	-27	58	70	-20	-24	-95	52	-34	-22	50	94	-64	72	-79	-7	-95	-43	-80	-88	-55	66	75	-86	84	27	98	-31	59	-34	-14	-12	8	80	-57	-23	-19	-99	-60
67	-37	-8	-8	-16	-88	-68	-46	40	68	-96	8	-94	-40	-40	-25	58	-25	-76	23	-12	-27	-18	-43	-94	77	8	-46	19	-46	-71	-38	47	-42	-56	11	15	-82	-77	78	28	64	-97	64	65	0	-17	43	-64	94	-83	45	-33
6	-87	16	-70	-92	8	-19	-10	-31	69	-44	39	58	-9	26	38	54	78	5	-7	-77	-91	-29	18	72	17	20	27	50	-1	58	-60	-64	-90	-23	27	-71	-31	31	-33	-60	-75	7	-66	-77	20	2	55	83	59	92	-84	50
69	-50	57	30	82	14	-74	-62	-75	-69	37	-86	86	-36	35	81	-12	-60	-86	-75	-79	-20	13	-53	-80	94	80	73	56	51	95	-69	-17	-77	-97	0	52	93	29	-68	-98	-15	-88	-99	56	-20	-57	-74	25	-71	90	-83	37
-70	13	-62	-23	-16	-80	-31	60	14	-28	-44	-66	75	75	26	51	-1	62	-9	-1	-28	70	-24	-42	56	-53	53	66	-31	-10	68	-90	33	47	41	-17	94	-32	-18	33	-97	42	-5	-74	-40	-25	-40	-1	0	-26	-95	63	-50
70	20	-34	49	94	84	53	11	-13	-36	70	-8	-10	-29	53	-55	-48	82	80	57	76	-30	-44	-34	-2	16	64	-63	15	-84	-84	-66	-60	-10	-86	65	4	-36	-77	-65	38	-14	85	-53	66	60	-94	-57	20	88	25	18	51
-70	44	72	6	3	-80	-40	20	95	97	-7	-96	-12	30	-95	99	-72	41	88	20	-24	76	5	-71	2	-72	-41	-31	97	12	42	15	-61	10	42	-38	-2	48	78	-51	-91	0	-58	50	45	-19	-72	17	-46	-49	-71	-66	-66
-70	-75	43	48	18	-6	-92	31	0	4	-40	54	20	20	-46	88	66	-25	-1	-69	92	-55	90	93	-90	21	-71	-50	14	-34	46	-48	96	-72	13	9	97	5	49	38	-54	-73	-77	-30	-41	-14	-24	-3	-73	12	53	-72	-19
71	-46	-39	-53	-20	27	-78	-77	-11	31	-75	98	-97	45	50	-3	54	91	90	53	30	-47	-92	-38	49	-13	51	-19	-82	42	81	-64	63	6	-19	-26	-14	-71	-31	-36	-25	-16	58	-61	-83	-42	-93	-49	-8	-93	-80	71	-92
72	-14	-52	-86	88	-42	87	-32	-22	74	-27	-97	-94	-35	76	-81	69	-51	0	-95	-28	-11	81	20	-19	58	-83	38	96	72	61	-5	38	-39	-25	23	34	10	28	-3	-63	26	5	73	17	99	-87	15	25	53	-22	-70	-37
7	22	-23	97	76	-97	-71	43	35	0	34	60	-72	-37	-11	-31	-33	-71	-85	-13	75	53	51	-2	-8	74	-4	20	4	19	-9	47	-90	57	-49	81	-99	96	66	-46	38	74	95	17	-73	-19	-3	47	52	8	-31	-60	68
-72	-67	-34	-58	3	-77	91	13	-25	-54	28	-41	-88	45	-55	-40	47	-88	87	31	-83	-36	-56	-32	-99	40	-86	5	75	0	70	64	8	85	-86	-42	10	-31	-95	-8	-1	-60	-34	67	86	-89	97	-26	-63	-49	-68	-7	-30
-73	73	58	3	-10	-4	-98	-91	58	25	-97	-79	44	29	-75	25	-66	-70	35	-70	-7	-8	42	-97	-83	20	80	17	-42	-6	90	-2	94	-54	53	-42	-84	13	16	88	-41	0	35	45	-18	-55	12	-67	95	-96	31	-39	67
76	-31	51	69	-65	-30	11	45	-95	48	-89	45	-35	-46	-84	0	50	-90	39	-28	-38	94	42	-48	-13	48	-88	22	50	-36	-59	35	32	8	-34	31	56	-99	-24	-25	50	32	-11	-71	6	63	58	-36	-15	-51	26	-4	1
-77	-33	-61	9	93	3	-36	-48	-72	-42	96	87	-62	28	-25	-33	-72	-52	7	62	-57	94	20	41	-15	-44	8	99	-31	16	-41	1	15	52	-24	-83	-9	68	-59	-18	47	24	54	-79	44	-27	-98	99	-54	44	-26	3	-61
-77	-92	57	-3	-37	-58	90	13	8	-47	97	-87	13	-92	-13	96	56	73	-84	-31	88	91	29	-98	22	57	-83	2	39	98	6	86	-70	-64	-49	-87	58	55	-63	92	-23	-38	41	-84	-27	-54	88	31	-35	10	-84	77	-88
78	27	-50	92	-23	-77	18	56	31	97	-32	-99	-29	75	69	1	-86	0	-98	69	4	68	64	-6	-4	-66	80	-32	46	14	-92	89	-24	9	93	18	-23	-54	92	-14	-7	75	26	-50	20	9	-69	-5	76	42	-12	-54	77
78	-43	6	-58	72	83	-97	-35	-94	-36	60	42	-22	76	98	62	94	-97	69	-52	-36	65	-12	37	60	-26	35	-90	-41	43	72	-5	-99	33	71	-78	-13	32	-24	-6	26	-80	-61	-31	30	79	2	51	78	63	10	19	2
78	7	31	86	-15	88	25	1	-56	68	-74	19	-70	-29	19	48	20	55	77	-85	-91	7	-16	-59	47	-25	-15	7	98	86	39	-30	-48	-77	-93	40	-39	-90	-68	37	-91	-18	-95	91	22	49	33	9	-51	43	-16	99	-12
79	-44	-84	89	-62	-75	26	4	-28	-13	-46	34	36	18	20	82	-66	62	31	6	47	43	-77	32	71	18	14	-75	-90	-36	16	37	-41	-82	39	-72	-46	7	-88	60	92	-43	-43	89	76	-78	25	-82	-2	-59	-8	-5	15
-79	-91	-11	51	-9	-70	-45	87	-34	-12	51	-26	61	-11	-16	-38	46	46	-88	46	-18	0	-91	76	61	-49	22	19	-54	-92	-56	-94	-4	-16	-3	-62	6	32	56	31	-97	-38	-26	8	63	43	-58	14	24	24	-18	21	-78
-80	41	-91	81	66	7	-2	-87	68	-88	87	1	90	-98	84	-33	-15	64	-55	-19	-77	-8	57	-62	-35	-76	-29	-13	89	-8	-83	86	-67	15	62	99	15	-4	-94	50	-12	-52	-57	62	96	-26	30	5	34	30	85	70	98
-81	23	-98	-56	-85	-46	-80	21	-64	-96	94	47	-65	-77	-65	-64	9	70	-23	23	54	-23	-98	-17	-92	66	18	63	6	-72	-14	-16	-58	96	-52	86	-43	-68	7	2	-27	-44	-51	37	35	45	-80	-37	62	45	20	-14	-76
8	-16	96	-80	-83	-19	-38	82	8	47	-70	-54	-84	-97	-99	84	-86	60	-2	70	-51	-24	-35	47	-98	37	26	41	11	70	11	1	13	57	-22	-85	-44	-57	24	99	-65	94	47	-59	-88	-20	-85	-83	77	-11	56	-12	-62
81	89	-95	16	-51	95	81	-66	2	37	24	31	54	7	-76	-73	88	8	-98	56	-50	30	2	12	-42	22	-16	16	48	-24	-87	22	-53	9	57	54	-29	-84	-16	28	56	-83	55	-80	-3	-39	-65	-94	-86	-92	72	-37	46
-8	-23	84	-49	34	-36	-79	-58	39	54	-36	-95	78	-77	99	81	-37	-41	52	-3	-93	-44	52	1	-15	-17	49	-31	43	-17	-52	91	-20	4	99	-39	29	-84	32	0	55	0	-5	-77	68	88	-34	50	-37	42	98	-59	74
8	-28	-6	-13	-8	-86	12	-76	36	-63	48	-70	-4	-9	-62	7	90	-71	31	77	74	-92	53	-49	87	53	50	-72	52	-39	3	55	73	59	-74	-99	22	17	-26	75	69	-31	-52	-53	97	-98	-56	82	-77	88	23	86	28
-83	59	47	99	21	49	78	66	-34	52	2	-32	-97	-32	-45	34	-82	-89	16	8	-64	-16	-25	-9	-54	-55	-12	92	-35	-23	-32	20	-84	-83	26	-78	64	6	50	-38	-96	-7	-48	-36	-71	44	-17	-20	78	54	27	34	-20
8	37	-24	-41	-41	74	-5	89	-11	-52	45	36	71	-1	57	37	72	20	12	43	-33	-75	31	-17	32	99	-5	45	-85	-79	89	44	-51	31	-50	32	-39	-67	-35	2	34	12	-81	-45	-14	-5	37	-40	-26	-44	68	61	95
84	46	-78	87	0	-25	-42	55	76	3	-24	-46	15	90	-93	57	-49	26	19	89	-54	53	-71	86	38	-67	-58	14	-79	17	-38	53	11	-14	77	46	97	-33	-23	-95	-47	-64	-27	-4	-19	11	48	92	90	5	68	-37	-60
84	79	31	74	-79	81	-3	34	-93	59	21	32	-2	89	61	-41	-55	23	96	43	-33	-1	63	12	-64	5	57	-17	-91	-8	15	20	-65	26	-66	-75	-50	-83	12	68	18	-73	87	20	62	-30	42	-6	-10	-82	74	-8	92
86	-79	98	-34	-78	-83	-24	87	-83	60	27	22	97	-33	0	66	20	40	-21	65	1	-43	-80	-76	-19	-40	29	-98	64	-34	-15	44	-91	2	64	7	20	31	35	-7	24	79	-25	-1	-85	65	14	99	-53	-83	53	-99	-31
-88	-77	-61	-55	-81	49	-98	-83	-54	10	-85	-67	-73	65	97	-51	-24	-29	17	-73	-45	-17	-82	0	65	69	-78	73	-93	16	72	-64	43	-6	-61	-20	51	82	-4	0	-59	61	43	-18	68	-34	-27	29	22	99	97	0	71
-88	78	95	-47	40	-30	96	-18	70	93	-85	-91	20	-76	97	-67	-19	-25	91	-6	-57	-77	-42	-42	-8	11	-10	-58	-98	20	-24	98	-72	-59	53	-6	36	-72	94	32	-51	-40	-87	-22	92	-47	-44	62	32	32	-8	-75	52
-8	94	-41	99	25	-55	-30	16	71	-22	42	42	95	0	8	2	-94	19	-92	-77	71	-84	-43	-12	-45	38	14	4	-71	6	21	-90	99	94	-74	-77	14	7	56	-74	66	62	36	-67	-89	22	-58	42	-23	-6	-92	-72	77
91	71	84	-89	-59	-64	59	-66	78	-70	-83	-68	-38	38	65	-33	-33	-64	90	88	-24	46	57	-26	81	-65	15	-47	22	-22	-92	-12	59	-87	83	-23	15	1	51	49	63	35	20	-32	77	50	17	-11	77	-3	-96	-4	-42
92	35	-82	68	88	-85	-13	-85	95	-16	-75	-63	-38	-67	84	21	51	-79	70	97	15	24	-88	30	-81	-60	-47	55	-31	-1	96	-81	-50	43	-36	-20	-13	81	-56	-37	-8	-4	-58	-89	-58	91	14	91	-85	-26	-63	78	-84
-92	46	-37	-88	-12	-83	99	-89	78	-49	-3	-76	-75	-69	78	62	43	-98	-61	-90	-73	-25	-86	-48	-38	-56	20	16	18	-28	-54	-97	53	85	11	89	-59	-43	-49	-78	-83	-6	96	-92	-48	-62	90	-58	-92	25	-91	-11	89
-93	-64	-75	54	-79	5	43	64	-6	21	85	92	32	-47	47	97	-10	-30	-10	5	-50	69	79	-5	-20	-34	-87	63	33	88	-9	15	21	-33	-62	-25	34	46	-57	73	-87	38	-63	-52	84	20	-25	97	-22	-61	-21	-23	40
93	90	-94	65	-11	-58	-75	92	11	98	-26	18	20	82	99	-96	-20	-65	46	-49	65	66	72	30	-6	16	-55	90	5	-48	-50	12	-47	29	-42	73	-86	15	31	-31	-44	-55	56	26	-78	8	81	-37	-64	64	-23	60	80
94	79	99	56	35	-27	11	-89	76	-10	96	-33	-40	-25	-57	-47	26	22	21	-11	-37	-17	50	-32	-13	81	19	-91	98	97	-85	67	80	-44	10	1	76	71	-90	-78	3	-48	-61	55	-95	19	25	42	-98	-68	54	-21	28
95	91	-90	56	-22	-89	39	39	-23	-32	97	49	-81	93	-50	75	45	5	23	48	74	-6	40	-60	-10	-10	-20	14	-68	94	12	25	-80	55	-94	11	69	-57	56	-5	-72	2	61	84	-88	57	-91	-91	-39	-3	66	61	98
-96	66	22	-10	-95	90	-43	99	-23	65	-18	84	72	96	-77	65	-52	83	51	67	23	-66	-9	35	78	-38	-3	-28	49	57	-77	58	-69	71	-33	16	2	-6	-51	-41	96	7	98	-91	-50	20	80	29	-53	-75	53	98	41
97	-32	92	-31	15	-94	37	51	-57	55	-91	0	-83	52	38	-93	29	-18	-6	-62	-78	0	10	-52	74	89	-41	-46	6	-60	-33	-42	-67	-53	-24	81	25	59	-55	9	76	83	16	-48	-63	23	89	-97	24	80	83	-58	98
-98	30	-31	93	-48	37	-87	0	19	-59	-82	-20	56	-13	59	-54	28	43	11	16	49	80	86	-55	-59	74	7	98	-40	-61	56	46	4	66	58	-7	11	-2	-52	61	-6	78	-47	11	-3	2	-37	-90	34	-3	-14	21	-42
